base-case.txt
0.0 2.7956388034665838 7.179200447302184 10.466871680178881 12.658652502096675 13.754542913055573 13.754542913055573
0.0 2.7956388034665838 7.179200447302184 10.466871680178881 12.658652502096675 13.754542913055573 13.754542913055573
0.0 2.7956388034665838 7.179200447302184 10.466871680178881 12.658652502096675 13.754542913055573 13.754542913055573
0.0 2.7956388034665838 7.179200447302184 10.466871680178881 12.658652502096675 13.754542913055573 13.754542913055573
0.0 2.7956388034665838 7.179200447302184 10.466871680178881 12.658652502096675 13.754542913055573 13.754542913055573
0.0 2.7956388034665838 7.179200447302184 10.466871680178881 12.658652502096675 13.754542913055573 13.754542913055573
0.0 2.7956388034665838 7.179200447302184 10.466871680178881 12.658652502096675 13.754542913055573 13.754542913055573
pump1.txt
0.0 2.465251988182108 6.178523885726267 8.714543250629065 9.957907528734793 9.623285411768402 9.623285411768402
0.0 2.465251988181018 6.178523885723221 8.71454325062441 9.957907528729002 9.623285411762026 9.623285411768402
0.0 2.4879835765095146 6.259886007394686 8.911307926447149 10.440003512823896 10.93249891121449 10.932498911220659
0.0 2.5193701329486102 6.365838229932572 9.134908523976705 10.8624092739344 11.638317398086455 11.638317398092473
0.0 2.546363642020228 6.453297844444154 9.304188254624004 11.140517249880233 12.024153598139634 12.024153598145556
0.0 2.5614052760648285 6.500910840233778 9.39213898922635 11.275427461852738 12.197735735481512 12.197735735487388
0.0 2.561405276065833 6.500910840236584 9.39213898923064 11.275427461858076 12.197735735487388 12.197735735487388
pump2.txt
0.0 2.487983576511657 6.25988600740067 8.911307926456297 10.440003512835277 10.932498911227015 10.932498911227015
0.0 2.4879835765105587 6.2598860073976015 8.911307926451606 10.44000351282944 10.932498911220593 10.932498911227015
0.0 2.496638544620077 6.284476108261006 8.93814384815381 10.380313289839311 10.329103898633779 10.329103898639994
0.0 2.5149770855811058 6.347345621906193 9.080587657094334 10.718111488769585 11.318335111267508 11.318335111273576
0.0 2.534411766993192 6.413451225722143 9.222859258578975 10.997319485906806 11.811899535428227 11.811899535434193
0.0 2.546363642020218 6.453297844444126 9.304188254623963 11.140517249880181 12.024153598139575 12.024153598145496
0.0 2.54636364202123 6.453297844446954 9.304188254628285 11.140517249885558 12.024153598145496 12.024153598145496
pump3.txt
0.0 2.519370132950678 6.365838229938348 9.134908523985535 10.862409273945387 11.638317398098549 11.638317398098549
0.0 2.5193701329496068 6.365838229935355 9.134908523980963 10.862409273939697 11.638317398092287 11.638317398098549
0.0 2.514977085581085 6.347345621906135 9.080587657094245 10.718111488769479 11.31833511126739 11.31833511127345
0.0 2.511680178663629 6.3320891040477 9.026094582751679 10.515223501806247 10.502686035969528 10.502686035975442
0.0 2.51497708558009 6.347345621903356 9.080587657089998 10.718111488764192 11.318335111261574 11.31833511126739
0.0 2.5193701329475924 6.365838229929729 9.134908523972358 10.862409273928995 11.638317398080508 11.638317398086278
0.0 2.5193701329485787 6.365838229932484 9.134908523976573 10.862409273934237 11.638317398086278 11.638317398086278
pump4.txt
0.0 2.5463636420233255 6.453297844452808 9.304188254637234 11.140517249896693 12.024153598157751 12.024153598157751
0.0 2.5463636420222295 6.453297844449747 9.304188254632553 11.140517249890872 12.024153598151344 12.024153598157751
0.0 2.5344117669941597 6.413451225724847 9.222859258583105 10.997319485911945 11.811899535433886 11.811899535440087
0.0 2.514977085581054 6.347345621906049 9.080587657094112 10.718111488769313 11.318335111267208 11.31833511127326
0.0 2.496638544619006 6.284476108258012 8.938143848149235 10.380313289833621 10.329103898627515 10.329103898633468
0.0 2.4879835765084417 6.259886007391687 8.911307926442564 10.440003512818192 10.932498911208212 10.932498911214118
0.0 2.487983576509452 6.25988600739451 8.911307926446879 10.440003512823557 10.932498911214118 10.932498911214118
pump5.txt
0.0 2.5614052760678576 6.50091084024224 9.392138989239287 11.275427461868832 12.197735735499228 12.197735735499228
0.0 2.5614052760667723 6.500910840239208 9.392138989234653 11.275427461863064 12.197735735492879 12.197735735499228
0.0 2.546363642021137 6.453297844446693 9.304188254627887 11.140517249885065 12.02415359814495 12.024153598151093
0.0 2.5193701329485085 6.365838229932288 9.134908523976273 10.862409273933862 11.638317398085865 11.63831739809186
0.0 2.4879835765084026 6.259886007391579 8.9113079264424 10.440003512817986 10.932498911207986 10.932498911213884
0.0 2.4652519881788684 6.178523885717216 8.714543250615229 9.95790752871758 9.623285411749455 9.623285411755306
0.0 2.4652519881798685 6.178523885720011 8.714543250619501 9.957907528722895 9.623285411755306 9.623285411755306
pump6.txt
0.0 2.4425203998525893 6.097161764051948 8.517778574801959 9.475811544634468 11.05379793970722 11.05379793970722
0.0 2.442520399851506 6.097161764048923 8.517778574797335 9.475811544628716 11.053797939700887 11.05379793970722
0.0 2.479328608398981 6.235295906528442 8.884472004740608 10.499693735808627 11.535893923795363 11.53589392380149
0.0 2.5237631803161418 6.384330837959024 9.189229390859191 11.006707059099355 11.958299684905564 11.958299684911543
0.0 2.55831551704729 6.4931444631662405 9.385517250669151 11.283715013853808 12.2364076608512 12.236407660857084
0.0 2.576446910109466 6.548523836023505 9.480089723828854 11.41033767382544 12.371317872823608 12.371317872829444
0.0 2.5764469101104637 6.548523836026293 9.480089723833116 11.41033767383074 12.371317872829444 12.371317872829444
pump7.txt
0.0 2.4793286084011075 6.235295906534384 8.884472004749691 10.499693735819926 11.5358939238078 11.5358939238078
0.0 2.4793286084000163 6.235295906531336 8.884472004745032 10.499693735814128 11.535893923801419 11.5358939238078
0.0 2.486954971768629 6.246196695479399 8.82253596091576 9.982824867919245 11.476203700810867 11.476203700817042
0.0 2.513880945130101 6.34410953173558 9.080759864550446 10.776701690562929 11.814001899740834 11.814001899746861
0.0 2.541894573378298 6.4397102108162345 9.283801864018812 11.133329719070879 12.093209896877854 12.09320989688378
0.0 2.558315517047279 6.493144463166208 9.385517250669102 11.283715013853744 12.236407660851132 12.23640766085701
0.0 2.558315517048284 6.493144463169017 9.385517250673397 11.283715013859087 12.23640766085701 12.23640766085701
pump8.txt
0.0 0.006914419698635507 0.017491317438408756 0.025175971047186968 0.030155361946751093 0.03276246504534126 0.03276246504534126
0.0 0.0069144196975709305 0.01749131743543455 0.02517597104264061 0.030155361941094555 0.03276246503911548 0.03276246504534126
0.0 0.006887345079798143 0.017381122073614134 0.024878794254711012 0.029525210242092082 0.03236712863658077 0.03236712864260563
0.0 0.006863250338651108 0.017264592035225654 0.0244304341686512 0.02769711664253682 0.031811271134552066 0.0318112711404307
0.0 0.00688734507880915 0.01738112207085109 0.024878794250487443 0.029525210236837147 0.032367128630797 0.03236712863658077
0.0 0.006914419695567873 0.017491317429838425 0.025175971034086402 0.030155361930451485 0.032762465027401336 0.03276246503313883
0.0 0.006914419696548954 0.017491317432579357 0.025175971038276183 0.03015536193566437 0.03276246503313883 0.03276246503313883
pump9.txt
0.0 0.007009083634886562 0.01778943695952814 0.02571374600557611 0.030914287850195038 0.033524404705474097 0.033524404705474097
0.0 0.007009083633821976 0.017789436956553908 0.02571374600102971 0.030914287844538448 0.03352440469924825 0.033524404705474097
0.0 0.006964094746232883 0.01764304174233196 0.025435073705314934 0.030502273333901726 0.03313208205340226 0.03313208205942718
0.0 0.006887345079198506 0.017381122071938874 0.02487879425215022 0.02952521023890596 0.032367128633074005 0.03236712863895269
0.0 0.006813575288776259 0.017112867724939664 0.02417133150079712 0.027350205243285037 0.031441654113172096 0.03144165411895592
0.0 0.006792681142368723 0.01708300254920264 0.024341019291289564 0.028766284332386986 0.03160518896955669 0.031605188975294234
0.0 0.006792681143349811 0.017083002551943602 0.024341019295479382 0.028766284337599927 0.031605188975294234 0.031605188975294234
pump10.txt
0.0 2.5764469101124594 6.548523836031867 9.48008972384164 11.410337673841344 12.37131787284111 12.37131787284111
0.0 2.5764469101113816 6.548523836028857 9.480089723837036 11.410337673835615 12.371317872834808 12.37131787284111
0.0 2.558315517048179 6.493144463168721 9.385517250672946 11.283715013858526 12.236407660856393 12.236407660862493
0.0 2.523763180316027 6.3843308379587045 9.189229390858703 11.006707059098744 11.95829968490489 11.95829968491084
0.0 2.479328608397862 6.235295906525317 8.88447200473583 10.499693735802682 11.535893923788818 11.535893923794674
0.0 2.4425203998493563 6.097161764042917 8.517778574788155 9.475811544617295 11.053797939688321 11.053797939694128
0.0 2.4425203998503497 6.097161764045691 8.517778574792398 9.475811544622573 11.053797939694128 11.053797939694128
pump11.txt
0.0 2.3829806029750205 5.877665499896503 7.9543204690291285 10.709559396748446 12.002214483548212 12.002214483548212
0.0 2.382980602973934 5.877665499893468 7.95432046902449 10.709559396742673 12.00221448354186 12.002214483548212
0.0 2.463047276919235 6.199805016712465 8.919572126860782 11.076252826685062 12.198979159363285 12.198979159369433
0.0 2.53803846287014 6.443044752210113 9.352019784052246 11.381010212802998 12.422579756891881 12.422579756897882
0.0 2.586688335743765 6.586425334239502 9.568561633366427 11.577298072612537 12.591859487538562 12.591859487544463
0.0 2.6096199372167064 6.651516204671689 9.662612931592882 11.671870545772032 12.679810222140604 12.679810222146457
0.0 2.6096199372177074 6.651516204674486 9.662612931597158 11.67187054577735 12.679810222146457 12.679810222146457
pump12.txt
0.0 2.463047276921365 6.1998050167184156 8.91957212686988 11.076252826696376 12.19897915937574 12.19897915937574
0.0 2.4630472769202707 6.199805016715358 8.919572126865207 11.076252826690563 12.198979159369339 12.19897915937574
0.0 2.457971788924798 6.120905235391004 8.38676812621578 11.014316782860394 12.225815081070218 12.22581508107641
0.0 2.511697149792828 6.343185598741764 9.13611397617483 11.272540686494432 12.368258890009777 12.368258890015822
0.0 2.560970064343058 6.5081356226422375 9.446071082278603 11.475582685962372 12.51053049149379 12.510530491499738
0.0 2.58668833574375 6.58642533423946 9.568561633366365 11.577298072612457 12.591859487538475 12.591859487544372
0.0 2.586688335744758 6.586425334242278 9.568561633370672 11.577298072617817 12.591859487544372 12.591859487544372
pump13.txt
0.0 2.5380384628721853 6.44304475221583 9.352019784060984 11.381010212813868 12.422579756903849 12.422579756903849
0.0 2.538038462871119 6.443044752212851 9.352019784056429 11.381010212808201 12.42257975689761 12.422579756903849
0.0 2.5116971497927985 6.343185598741681 9.136113976174704 11.272540686494276 12.368258890009605 12.36825889001564
0.0 2.4809033903966857 6.185996105820247 8.480819424437735 11.108889256014297 12.313765815666102 12.313765815671989
0.0 2.5116971497918077 6.343185598738914 9.136113976170472 11.272540686489009 12.36825889000381 12.368258890009605
0.0 2.5380384628691126 6.4430447522072445 9.352019784047862 11.38101021279754 12.422579756885874 12.422579756891624
0.0 2.538038462870095 6.443044752209991 9.352019784052057 11.381010212802762 12.422579756891624 12.422579756891624
pump14.txt
0.0 2.586688335746821 6.58642533424804 9.568561633379481 11.577298072628777 12.591859487556436 12.591859487556436
0.0 2.58668833574573 6.586425334244993 9.56856163337482 11.57729807262298 12.591859487550057 12.591859487556436
0.0 2.5609700643439988 6.508135622644866 9.446071082282621 11.475582685967371 12.510530491499292 12.510530491505465
0.0 2.511697149792754 6.343185598741557 9.136113976174512 11.272540686494036 12.368258890009342 12.368258890015367
0.0 2.4579717889237083 6.1209052353879585 8.386768126211123 11.014316782854602 12.225815081063843 12.225815081069772
0.0 2.4630472769181386 6.199805016709401 8.9195721268561 11.076252826679232 12.19897915935687 12.198979159362752
0.0 2.463047276919144 6.199805016712211 8.919572126860395 11.076252826684577 12.198979159362752 12.198979159362752
pump15.txt
0.0 2.6096199372196747 6.651516204679983 9.662612931605562 11.67187054578781 12.679810222157966 12.679810222157966
0.0 2.609619937218595 6.651516204676968 9.662612931600952 11.67187054578207 12.679810222151652 12.679810222157966
0.0 2.5866883357446238 6.586425334241903 9.568561633370098 11.577298072617104 12.591859487543587 12.591859487549698
0.0 2.538038462869994 6.443044752209706 9.352019784051624 11.381010212802222 12.422579756891029 12.42257975689699
0.0 2.4630472769180822 6.199805016709244 8.91957212685586 11.076252826678935 12.19897915935654 12.198979159362407
0.0 2.382980602971748 5.87766549988736 7.954320469015154 10.709559396731057 12.002214483529071 12.00221448353489
0.0 2.3829806029727427 5.87766549989014 7.954320469019404 10.709559396736346 12.00221448353489 12.00221448353489
pump16.txt
0.0 2.2433741321508784 5.336029718918505 9.165336732811827 11.57661381891327 12.753866351560324 12.753866351560324
0.0 2.2433741321498064 5.336029718915509 9.165336732807248 11.576613818907571 12.753866351554054 12.753866351560324
0.0 2.451841433433713 6.243213908217352 9.487476249625047 11.71474796138502 12.83522847322302 12.835228473229089
0.0 2.5786550585012407 6.601617819928972 9.730715985121828 11.863782892814099 12.941180695759087 12.94118069576501
0.0 2.6407794258407393 6.7579959169094534 9.87409656715065 11.972596518020337 13.028640310269491 13.028640310275316
0.0 2.665724565796699 6.819599443751533 9.939187437582563 12.027975890877123 13.076253306058538 13.076253306064316
0.0 2.665724565797687 6.819599443754295 9.939187437586783 12.027975890882374 13.076253306064316 13.076253306064316
pump17.txt
0.0 2.4518414334358067 6.243213908223202 9.487476249633993 11.71474796139615 12.835228473235265 12.835228473235265
0.0 2.4518414334347267 6.243213908220185 9.48747624962938 11.71474796139041 12.83522847322895 12.835228473235265
0.0 2.370187757217286 5.694433630626993 9.40857646830382 11.725648750336388 12.859818574089836 12.85981857409595
0.0 2.5139658007731733 6.399592005197727 9.630856831653706 11.823561586591053 12.922688087733198 12.92268808773916
0.0 2.60360019845717 6.663221346770968 9.79580685555361 11.919162265670725 12.98879369154796 12.988793691553829
0.0 2.640779425840718 6.757995916909393 9.874096567150557 11.972596518020222 13.028640310269363 13.028640310275184
0.0 2.640779425841713 6.757995916912173 9.874096567154808 11.97259651802551 13.028640310275184 13.028640310275184
pump18.txt
0.0 2.5786550585043306 6.601617819937603 9.730715985135022 11.863782892830518 12.941180695777158 12.941180695777158
0.0 2.5786550585032346 6.6016178199345426 9.730715985130342 11.863782892824693 12.94118069577075 12.941180695777158
0.0 2.5139658007741454 6.399592005200441 9.630856831657855 11.823561586596218 12.922688087738882 12.922688087745085
0.0 2.3951328971731822 5.756037157468898 9.473667338735465 11.781028123192845 12.907431569878522 12.907431569884574
0.0 2.513965800773127 6.399592005197596 9.630856831653508 11.82356158659081 12.922688087732928 12.922688087738882
0.0 2.5786550585011727 6.601617819928782 9.730715985121536 11.86378289281374 12.94118069575869 12.941180695764599
0.0 2.5786550585021826 6.601617819931603 9.73071598512585 11.863782892819104 12.941180695764599 12.941180695764599
pump19.txt
0.0 2.640779425843706 6.75799591691774 9.874096567163319 11.9725965180361 13.02864031028684 13.02864031028684
0.0 2.640779425842631 6.757995916914738 9.874096567158727 11.972596518030386 13.028640310280553 13.02864031028684
0.0 2.603600198458058 6.663221346773449 9.795806855557403 11.919162265675448 12.988793691553155 12.988793691559241
0.0 2.5139658007730605 6.399592005197411 9.630856831653226 11.823561586590458 12.922688087732542 12.922688087738477
0.0 2.3701877572161716 5.69443363062388 9.408576468299062 11.725648750330471 12.859818574083326 12.859818574089166
0.0 2.4518414334325844 6.2432139082142 9.487476249620233 11.714747961379029 12.835228473216425 12.83522847322222
0.0 2.451841433433575 6.243213908216967 9.48747624962446 11.714747961384296 12.83522847322222 12.83522847322222
pump20.txt
0.0 2.6657245657995463 6.819599443759488 9.939187437594722 12.027975890892256 13.076253306075191 13.076253306075191
0.0 2.6657245657984836 6.819599443756518 9.939187437590185 12.027975890886607 13.076253306068974 13.076253306075191
0.0 2.6407794258415107 6.757995916911606 9.874096567153941 11.97259651802443 13.028640310273996 13.02864031028001
0.0 2.5786550585010204 6.601617819928356 9.730715985120886 11.863782892812928 12.941180695757799 12.941180695763666
0.0 2.4518414334324996 6.2432139082139635 9.487476249619867 11.714747961378578 12.835228473215928 12.835228473221703
0.0 2.243374132147573 5.336029718909271 9.165336732797712 11.576613818895707 12.753866351540996 12.753866351546725
0.0 2.2433741321485527 5.336029718912007 9.165336732801896 11.576613818900912 12.753866351546725 12.753866351546725
pump21.txt
0.0 1.895300360042051 6.626935776033748 10.0542134797734 12.305534098596505 13.424156097898925 13.424156097898925
0.0 1.8953003600409906 6.626935776030784 10.05421347976887 12.30553409859087 13.424156097892721 13.424156097898925
0.0 2.5222892661648433 6.835403077313227 10.134280153711508 12.34234230713482 13.446887686217261 13.446887686223262
0.0 2.683960911860629 6.962216702379689 10.20927133966047 12.386776879049416 13.478274242653473 13.47827424265933
0.0 2.7320497433215016 7.024341069718497 10.257921212532837 12.4213292157789 13.505267751723222 13.505267751728987
0.0 2.746774334332887 7.049286209674119 10.280852814005165 12.439460608840266 13.520309385766913 13.520309385772629
0.0 2.7467743343338644 7.04928620967685 10.28085281400934 12.439460608845458 13.520309385772629 13.520309385772629
pump22.txt
0.0 2.5222892661668803 6.835403077318918 10.134280153720205 12.34234230714564 13.446887686229172 13.446887686229172
0.0 2.5222892661658127 6.835403077315937 10.134280153715649 12.342342307139972 13.446887686222933 13.446887686229172
0.0 2.0569720057366974 6.753749401097024 10.129204665717495 12.349968670505042 13.455542654328472 13.45554265433451
0.0 2.5703780976256456 6.897527444651841 10.182930026583575 12.376894643863936 13.473881195286607 13.473881195292496
0.0 2.6986855028719545 6.9871618423351425 10.23220294113254 12.404908272110458 13.49331587669681 13.493315876702608
0.0 2.7320497433214497 7.024341069718353 10.257921212532615 12.421329215778622 13.505267751722918 13.50526775172867
0.0 2.732049743322433 7.024341069721099 10.257921212536814 12.421329215783848 13.50526775172867 13.50526775172867
pump23.txt
0.0 2.683960911863582 6.962216702387938 10.209271339673077 12.386776879065103 13.478274242670738 13.478274242670738
0.0 2.6839609118625023 6.9622167023849215 10.209271339668467 12.386776879059363 13.478274242664423 13.478274242670738
0.0 2.5703780976265422 6.897527444654344 10.182930026587401 12.376894643868697 13.473881195291842 13.473881195297954
0.0 2.0716965967479584 6.778694541052299 10.152136267189292 12.368100063565747 13.470584288371432 13.470584288377395
0.0 2.5703780976255386 6.897527444651542 10.182930026583119 12.376894643863368 13.473881195285978 13.473881195291842
0.0 2.6839609118604706 6.962216702379245 10.209271339659793 12.386776879048572 13.478274242652546 13.478274242658362
0.0 2.6839609118614653 6.962216702382026 10.20927133966404 12.386776879053857 13.478274242658362 13.478274242658362
pump24.txt
0.0 2.7320497433253315 7.024341069729196 10.257921212549189 12.421329215799245 13.505267751745617 13.505267751745617
0.0 2.7320497433242323 7.024341069726124 10.257921212544495 12.421329215793405 13.505267751739188 13.505267751745617
0.0 2.698685502873696 6.987161842340006 10.232202941139974 12.404908272119705 13.493315876706989 13.49331587671321
0.0 2.5703780976263775 6.897527444653885 10.182930026586698 12.37689464386782 13.473881195290877 13.473881195296949
0.0 2.056972005736426 6.7537494010962655 10.129204665716335 12.3499686705036 13.455542654326882 13.455542654332852
0.0 2.5222892661645195 6.835403077312322 10.134280153710124 12.3423423071331 13.446887686215367 13.44688768622129
0.0 2.522289266165532 6.835403077315153 10.13428015371445 12.342342307138482 13.44688768622129 13.44688768622129
pump25.txt
0.0 2.746774334336452 7.049286209684079 10.280852814020387 12.439460608859205 13.52030938578776 13.52030938578776
0.0 2.746774334335371 7.049286209681059 10.280852814015772 12.43946060885346 13.52030938578144 13.52030938578776
0.0 2.7320497433229596 7.02434106972257 10.257921212539062 12.421329215786646 13.505267751731749 13.505267751737867
0.0 2.68396091186109 6.962216702380977 10.20927133966244 12.386776879051864 13.47827424265617 13.478274242662138
0.0 2.522289266164311 6.8354030773117405 10.134280153709236 12.342342307131995 13.446887686214149 13.446887686220023
0.0 1.8953003600394445 6.626935776026466 10.05421347976227 12.305534098582656 13.42415609788368 13.424156097889504
0.0 1.8953003600404403 6.626935776029249 10.054213479766522 12.305534098587948 13.424156097889504 13.424156097889504
